   2.7315000e+02   3.6039330e+01   1.6218890e+06
   2.7315000e+02   4.5331119e+01   1.9661306e+06
   2.7315000e+02   5.4267669e+01   2.2700346e+06
   2.7315000e+02   6.2891703e+01   2.5382520e+06
   2.7315000e+02   7.2201689e+01   2.8015451e+06
   2.7315000e+02   8.1051605e+01   3.0265676e+06
   2.9815000e+02   3.6039330e+01   1.8159973e+06
   2.9815000e+02   4.5331119e+01   2.2182069e+06
   2.9815000e+02   5.4267669e+01   2.5810619e+06
   2.9815000e+02   6.2891703e+01   2.9092029e+06
   2.9815000e+02   7.2201689e+01   3.2400290e+06
   2.9815000e+02   8.1051605e+01   3.5329089e+06
   2.9815000e+02   9.0364755e+01   3.8186859e+06
   2.9815000e+02   1.0022224e+02   4.0973905e+06
   3.2315000e+02   3.4012729e+01   1.9034205e+06
   3.2315000e+02   3.6039330e+01   2.0064883e+06
   3.2315000e+02   4.2781747e+01   2.3408000e+06
   3.2315000e+02   4.5331119e+01   2.4640619e+06
   3.2315000e+02   5.1215503e+01   2.7420166e+06
   3.2315000e+02   5.4267669e+01   2.8826861e+06
   3.2315000e+02   5.9354546e+01   3.1114273e+06
   3.2315000e+02   6.2891703e+01   3.2667585e+06
   3.2315000e+02   6.8140772e+01   3.4914771e+06
   3.2315000e+02   6.9225476e+01   3.5369923e+06
   3.2315000e+02   7.2201689e+01   3.6605379e+06
   3.2315000e+02   7.6492641e+01   3.8349385e+06
   3.2315000e+02   8.1051605e+01   4.0155908e+06
   3.2315000e+02   8.5001757e+01   4.1680140e+06
   3.2315000e+02   8.5281834e+01   4.1785518e+06
   3.2315000e+02   9.0364755e+01   4.3691847e+06
   3.2315000e+02   9.1347002e+01   4.4052665e+06
   3.2315000e+02   9.4584699e+01   4.5230163e+06
   3.2315000e+02   1.0022224e+02   4.7223732e+06
   3.2315000e+02   1.0374713e+02   4.8436390e+06
   3.2315000e+02   1.1149276e+02   5.1002952e+06
   3.2315000e+02   1.2646382e+02   5.5623372e+06
   3.2315000e+02   1.3590455e+02   5.8321657e+06
   3.2315000e+02   1.5509852e+02   6.3283542e+06
   3.2315000e+02   1.6667938e+02   6.5983853e+06
   3.2315000e+02   1.9177554e+02   7.1119004e+06
   3.2315000e+02   2.0610377e+02   7.3667328e+06
   3.2315000e+02   2.3355565e+02   7.7837865e+06
   3.2315000e+02   2.5100706e+02   8.0050803e+06
   3.2315000e+02   2.8075138e+02   8.3291176e+06
   3.2315000e+02   3.0173539e+02   8.5187980e+06
   3.2315000e+02   3.3204541e+02   8.7476912e+06
   3.2315000e+02   3.5687256e+02   8.9100139e+06
   3.4815000e+02   3.4012729e+01   2.0795842e+06
   3.4815000e+02   3.6039330e+01   2.1942131e+06
   3.4815000e+02   4.2781747e+01   2.5672614e+06
   3.4815000e+02   4.5331119e+01   2.7057727e+06
   3.4815000e+02   5.1215503e+01   3.0189682e+06
   3.4815000e+02   5.4267669e+01   3.1785956e+06
   3.4815000e+02   5.9354546e+01   3.4386564e+06
   3.4815000e+02   6.2891703e+01   3.6161271e+06
   3.4815000e+02   6.8140772e+01   3.8746883e+06
   3.4815000e+02   6.9225476e+01   3.9275191e+06
   3.4815000e+02   7.2201689e+01   4.0704279e+06
   3.4815000e+02   7.6492641e+01   4.2733819e+06
   3.4815000e+02   8.1051605e+01   4.4846850e+06
   3.4815000e+02   8.5001757e+01   4.6644558e+06
   3.4815000e+02   8.5281834e+01   4.6765541e+06
   3.4815000e+02   9.0364755e+01   4.9026000e+06
   3.4815000e+02   9.4584699e+01   5.0861401e+06
   3.4815000e+02   1.0022224e+02   5.3255812e+06
   3.4815000e+02   1.0374713e+02   5.4732725e+06
   3.4815000e+02   1.2646382e+02   6.3638180e+06
   3.4815000e+02   1.5509852e+02   7.3615652e+06
   3.4815000e+02   1.9177554e+02   8.4628667e+06
   3.4815000e+02   2.3355565e+02   9.5212063e+06
   3.4815000e+02   2.8075138e+02   1.0528073e+07
   3.4815000e+02   3.3204541e+02   1.1472219e+07
   3.7315000e+02   3.4012729e+01   2.2544509e+06
   3.7315000e+02   4.2781747e+01   2.7916557e+06
   3.7315000e+02   5.1215503e+01   3.2922418e+06
   3.7315000e+02   5.9354546e+01   3.7608598e+06
   3.7315000e+02   6.8140772e+01   4.2514349e+06
   3.7315000e+02   7.6492641e+01   4.7034356e+06
   3.7315000e+02   8.5281834e+01   5.1646670e+06
   3.7315000e+02   9.1347002e+01   5.4747012e+06
   3.7315000e+02   9.4584699e+01   5.6372569e+06
   3.7315000e+02   1.1149276e+02   6.4573409e+06
   3.7315000e+02   1.3590455e+02   7.5601622e+06
   3.7315000e+02   1.6667938e+02   8.8246982e+06
   3.7315000e+02   2.0610377e+02   1.0279523e+07
   3.7315000e+02   2.5100706e+02   1.1757652e+07
   3.7315000e+02   3.0173539e+02   1.3274487e+07
   3.7315000e+02   3.5687256e+02   1.4834791e+07
   3.9815000e+02   3.4012729e+01   2.4281827e+06
   3.9815000e+02   4.2781747e+01   3.0141958e+06
   3.9815000e+02   5.1215503e+01   3.5633469e+06
   3.9815000e+02   5.9354546e+01   4.0800943e+06
   3.9815000e+02   6.8140772e+01   4.6242400e+06
   3.9815000e+02   6.9225476e+01   4.6903241e+06
   3.9815000e+02   7.6492641e+01   5.1287979e+06
   3.9815000e+02   8.5001757e+01   5.6302047e+06
   3.9815000e+02   8.5281834e+01   5.6464167e+06
   3.9815000e+02   9.4584699e+01   6.1804602e+06
   3.9815000e+02   1.0374713e+02   6.6932053e+06
   3.9815000e+02   1.2646382e+02   7.9099361e+06
   3.9815000e+02   1.5509852e+02   9.3459140e+06
   3.9815000e+02   1.9177554e+02   1.1049593e+07
   3.9815000e+02   2.3355565e+02   1.2848111e+07
   3.9815000e+02   2.8075138e+02   1.4758088e+07
   3.9815000e+02   3.3204541e+02   1.6767464e+07
   4.2315000e+02   3.4012729e+01   2.6011850e+06
   4.2315000e+02   4.2781747e+01   3.2356720e+06
   4.2315000e+02   5.1215503e+01   3.8329018e+06
   4.2315000e+02   5.9354546e+01   4.3971098e+06
   4.2315000e+02   6.8140772e+01   4.9940053e+06
   4.2315000e+02   7.6492641e+01   5.5499553e+06
   4.2315000e+02   8.5281834e+01   6.1233129e+06
   4.2315000e+02   9.4584699e+01   6.7180502e+06
   2.4315000e+02   1.4177761e+01   6.0795000e+05
   2.4315000e+02   1.6754348e+01   7.0927500e+05
   2.4315000e+02   1.9402406e+01   8.1060000e+05
   2.4315000e+02   2.2134177e+01   9.1192500e+05
   2.4315000e+02   2.4963802e+01   1.0132500e+06
   2.4315000e+02   2.7895559e+01   1.1145750e+06
   2.4315000e+02   3.0958794e+01   1.2159000e+06
   2.5815000e+02   1.3174710e+01   6.0795000e+05
   2.5815000e+02   1.7922432e+01   8.1060000e+05
   2.5815000e+02   2.2896918e+01   1.0132500e+06
   2.5815000e+02   2.8123857e+01   1.2159000e+06
   2.5815000e+02   3.3641716e+01   1.4185500e+06
   2.5815000e+02   3.6527012e+01   1.5198750e+06
   2.5815000e+02   3.9499151e+01   1.6212000e+06
   2.5815000e+02   4.5712196e+01   1.8238500e+06
   2.5815000e+02   5.2579000e+01   2.0265000e+06
   2.7315100e+02   1.2330152e+01   6.0795000e+05
   2.7315100e+02   1.6711230e+01   8.1060000e+05
   2.7315100e+02   2.1248566e+01   1.0132500e+06
   2.7315100e+02   2.5967281e+01   1.2159000e+06
   2.7315100e+02   3.3420226e+01   1.5198750e+06
   2.7315100e+02   4.7018996e+01   2.0265000e+06
   2.7315100e+02   6.2660568e+01   2.5331250e+06
   2.7315100e+02   7.3351427e+01   2.8371000e+06
   2.7315100e+02   7.7315602e+01   2.9384250e+06
   2.7315100e+02   8.1526170e+01   3.0397500e+06
   2.8815000e+02   1.1600793e+01   6.0795000e+05
   2.8815000e+02   1.5671279e+01   8.1060000e+05
   2.8815000e+02   1.9860579e+01   1.0132500e+06
   2.8815000e+02   2.4183797e+01   1.2159000e+06
   2.8815000e+02   3.0930067e+01   1.5198750e+06
   2.8815000e+02   4.2981174e+01   2.0265000e+06
   2.8815000e+02   5.6261956e+01   2.5331250e+06
   2.8815000e+02   7.1250445e+01   3.0397500e+06
   2.8815000e+02   8.8644624e+01   3.5463750e+06
   2.8815000e+02   1.0951703e+02   4.0530000e+06
   2.8815000e+02   1.1958862e+02   4.2556500e+06
   2.8815000e+02   1.3109596e+02   4.4583000e+06
   3.0315000e+02   1.0959745e+01   6.0795000e+05
   3.0315000e+02   1.4773013e+01   8.1060000e+05
   3.0315000e+02   1.8678671e+01   1.0132500e+06
   3.0315000e+02   2.2677794e+01   1.2159000e+06
   3.0315000e+02   2.8877530e+01   1.5198750e+06
   3.0315000e+02   3.9789909e+01   2.0265000e+06
   3.0315000e+02   5.1538422e+01   2.5331250e+06
   3.0315000e+02   6.4383209e+01   3.0397500e+06
   3.0315000e+02   7.8505260e+01   3.6477000e+06
   3.0315000e+02   9.4215187e+01   4.0530000e+06
   3.0315000e+02   1.1242271e+02   4.5596250e+06
   3.0315000e+02   1.3392259e+02   5.0662500e+06
   3.0315000e+02   1.6118633e+02   5.5728750e+06
   3.0315000e+02   1.8281536e+02   5.8768500e+06
   3.0315000e+02   2.0145044e+02   6.0795000e+06
   3.0315000e+02   2.2773856e+02   6.2821500e+06
   3.0960000e+02   4.9815682e+01   2.5331250e+06
   3.0960000e+02   6.1942517e+01   3.0397500e+06
   3.0960000e+02   7.5114550e+01   3.5463750e+06
   3.0960000e+02   8.9621796e+01   4.0530000e+06
   3.0960000e+02   1.0582011e+02   4.5596250e+06
   3.0960000e+02   1.2430081e+02   5.0662500e+06
   3.0960000e+02   1.4613474e+02   5.5728750e+06
   3.0960000e+02   1.7313019e+02   6.0795000e+06
   3.0960000e+02   2.1043771e+02   6.5861250e+06
   3.0960000e+02   2.4402147e+02   6.8901000e+06
   3.0960000e+02   2.8129395e+02   7.0927500e+06
   3.0960000e+02   3.1515916e+02   7.1940750e+06
   3.0960000e+02   5.5803571e+02   7.2954000e+06
   3.0960000e+02   6.1124694e+02   7.4980500e+06
   3.0960000e+02   6.3816209e+02   7.7007000e+06
   3.0960000e+02   6.5487885e+02   7.9033500e+06
   3.0960000e+02   6.6755674e+02   8.1060000e+06
   3.0960000e+02   7.0972321e+02   9.1192500e+06
   3.0960000e+02   7.3817081e+02   1.0132500e+07
   3.0960000e+02   7.7441338e+02   1.2159000e+07
   3.0960000e+02   8.0064051e+02   1.4185500e+07
   3.0960000e+02   8.2236842e+02   1.6212000e+07
   3.0960000e+02   8.3991265e+02   1.8238500e+07
   3.0960000e+02   8.5546858e+02   2.0265000e+07
   3.0960000e+02   8.6865879e+02   2.2291500e+07
   3.0960000e+02   8.8074687e+02   2.4318000e+07
   3.0960000e+02   8.9166295e+02   2.6344500e+07
   3.0960000e+02   9.0203861e+02   2.8371000e+07
   3.0960000e+02   9.1182639e+02   3.0397500e+07
   3.0960000e+02   9.1861106e+02   3.1917375e+07
   3.1315000e+02   2.1691974e+02   6.8901000e+06
   3.1315000e+02   2.3618328e+02   7.0927500e+06
   3.1315000e+02   2.6055237e+02   7.2954000e+06
   3.1315000e+02   2.9612082e+02   7.4980500e+06
   3.1315000e+02   3.6258158e+02   7.7007000e+06
   3.1315000e+02   5.1150895e+02   7.9033500e+06
   3.1315000e+02   5.7570524e+02   8.1060000e+06
   3.1315000e+02   6.3451777e+02   8.6126250e+06
   3.1315000e+02   6.6401062e+02   9.1192500e+06
   3.1715000e+02   1.9845207e+02   6.8901000e+06
   3.1715000e+02   2.3952096e+02   7.0927500e+06
   3.1715000e+02   2.2799818e+02   7.2954000e+06
   3.1715000e+02   2.4636610e+02   7.4980500e+06
   3.1715000e+02   2.6867276e+02   7.7007000e+06
   3.1715000e+02   2.9761905e+02   7.9033500e+06
   3.1715000e+02   3.3681374e+02   8.1060000e+06
   3.1715000e+02   3.9588282e+02   8.3086500e+06
   3.1715000e+02   5.0000000e+02   8.6126250e+06
   3.1715000e+02   5.8651026e+02   9.1192500e+06
   3.1715000e+02   6.2814070e+02   9.6258750e+06
   3.1715000e+02   6.5530799e+02   1.0132500e+07
   3.1715000e+02   6.7613252e+02   1.0639125e+07
   3.1715000e+02   6.9300069e+02   1.1145750e+07
   3.2315000e+02   1.3736830e+01   8.1060000e+05
   3.2315000e+02   1.7325317e+01   1.0132500e+06
   3.2315000e+02   2.6609899e+01   1.5198750e+06
   3.2315000e+02   3.6366281e+01   2.0265000e+06
   3.2315000e+02   5.7656827e+01   3.0397500e+06
   3.2315000e+02   8.1913499e+01   4.0530000e+06
   3.2315000e+02   1.1025358e+02   5.0662500e+06
   3.2315000e+02   1.4482259e+02   6.0795000e+06
   3.2315000e+02   1.9033118e+02   7.0927500e+06
   3.2315000e+02   2.5893320e+02   8.1060000e+06
   3.2315000e+02   3.9077765e+02   9.1192500e+06
   3.2315000e+02   5.4824561e+02   1.0132500e+07
   3.2315000e+02   6.1996280e+02   1.1145750e+07
   3.2315000e+02   6.6093853e+02   1.2159000e+07
   3.2315000e+02   6.9013112e+02   1.3172250e+07
   3.2315000e+02   7.1225071e+02   1.4185500e+07
   3.2315000e+02   7.3099415e+02   1.5198750e+07
   3.2315000e+02   7.4682599e+02   1.6212000e+07
   3.2315000e+02   7.6045627e+02   1.7225250e+07
   3.2315000e+02   7.7339520e+02   1.8238500e+07
   3.2315000e+02   7.8492936e+02   1.9251750e+07
   3.2315000e+02   7.9491256e+02   2.0265000e+07
   3.2315000e+02   8.1300813e+02   2.2291500e+07
   3.2315000e+02   8.2850041e+02   2.4318000e+07
   3.2315000e+02   8.4175084e+02   2.6344500e+07
   3.2315000e+02   8.5470085e+02   2.8371000e+07
   3.2315000e+02   8.6655113e+02   3.0397500e+07
   3.2315000e+02   8.7336245e+02   3.1917375e+07
   3.4815000e+02   1.2649741e+01   8.1060000e+05
   3.4815000e+02   1.5921539e+01   1.0132500e+06
   3.4815000e+02   2.4307244e+01   1.5198750e+06
   3.4815000e+02   3.3017466e+01   2.0265000e+06
   3.4815000e+02   5.1525144e+01   3.0397500e+06
   3.4815000e+02   7.1710290e+01   4.0530000e+06
   3.4815000e+02   9.3949643e+01   5.0662500e+06
   3.4815000e+02   1.1875074e+02   6.0795000e+06
   3.4815000e+02   1.4673514e+02   7.0927500e+06
   3.4815000e+02   1.7882690e+02   8.1060000e+06
   3.4815000e+02   2.1635656e+02   9.1192500e+06
   3.4815000e+02   2.6075619e+02   1.0132500e+07
   3.4815000e+02   3.1279324e+02   1.1145750e+07
   3.4815000e+02   3.7147103e+02   1.2159000e+07
   3.4815000e+02   4.3103448e+02   1.3172250e+07
   3.4815000e+02   4.8449612e+02   1.4185500e+07
   3.4815000e+02   5.3022269e+02   1.5198750e+07
   3.4815000e+02   5.6721497e+02   1.6212000e+07
   3.4815000e+02   5.9737157e+02   1.7225250e+07
   3.4815000e+02   6.2227754e+02   1.8238500e+07
   3.4815000e+02   6.4432990e+02   1.9251750e+07
   3.4815000e+02   6.6312997e+02   2.0265000e+07
   3.4815000e+02   6.9444444e+02   2.2291500e+07
   3.4815000e+02   7.2046110e+02   2.4318000e+07
   3.4815000e+02   7.4128984e+02   2.6344500e+07
   3.4815000e+02   7.5930144e+02   2.8371000e+07
   3.4815000e+02   7.7700078e+02   3.0397500e+07
   3.4815000e+02   7.8988942e+02   3.1917375e+07
   3.7315000e+02   1.1733646e+01   8.1060000e+05
   3.7315000e+02   1.4745348e+01   1.0132500e+06
   3.7315000e+02   2.2417001e+01   1.5198750e+06
   3.7315000e+02   3.0304867e+01   2.0265000e+06
   3.7315000e+02   4.6834020e+01   3.0397500e+06
   3.7315000e+02   6.4424688e+01   4.0530000e+06
   3.7315000e+02   8.3250083e+01   5.0662500e+06
   3.7315000e+02   1.0343401e+02   6.0795000e+06
   3.7315000e+02   1.2515645e+02   7.0927500e+06
   3.7315000e+02   1.4863258e+02   8.1060000e+06
   3.7315000e+02   1.7406440e+02   9.1192500e+06
   3.7315000e+02   2.0157226e+02   1.0132500e+07
   3.7315000e+02   2.3142791e+02   1.1145750e+07
   3.7315000e+02   2.6364355e+02   1.2159000e+07
   3.7315000e+02   2.9770765e+02   1.3172250e+07
   3.7315000e+02   3.3311126e+02   1.4185500e+07
   3.7315000e+02   3.6913990e+02   1.5198750e+07
   3.7315000e+02   4.0453074e+02   1.6212000e+07
   3.7315000e+02   4.3840421e+02   1.7225250e+07
   3.7315000e+02   4.6970409e+02   1.8238500e+07
   3.7315000e+02   4.9800797e+02   1.9251750e+07
   3.7315000e+02   5.2410901e+02   2.0265000e+07
   3.7315000e+02   5.6915196e+02   2.2291500e+07
   3.7315000e+02   6.0532688e+02   2.4318000e+07
   3.7315000e+02   6.3572791e+02   2.6344500e+07
   3.7315000e+02   6.6225166e+02   2.8371000e+07
   3.7315000e+02   6.8399453e+02   3.0397500e+07
   3.7315000e+02   7.0422535e+02   3.1917375e+07
   3.9815000e+02   1.0947746e+01   8.1060000e+05
   3.9815000e+02   1.3739095e+01   1.0132500e+06
   3.9815000e+02   2.0825524e+01   1.5198750e+06
   3.9815000e+02   2.8076480e+01   2.0265000e+06
   3.9815000e+02   4.3075598e+01   3.0397500e+06
   3.9815000e+02   5.8820069e+01   4.0530000e+06
   3.9815000e+02   7.5340918e+01   5.0662500e+06
   3.9815000e+02   9.2686996e+01   6.0795000e+06
   3.9815000e+02   1.1090163e+02   7.0927500e+06
   3.9815000e+02   1.3007284e+02   8.1060000e+06
   3.9815000e+02   1.5024038e+02   9.1192500e+06
   3.9815000e+02   1.7143837e+02   1.0132500e+07
   3.9815000e+02   1.9368584e+02   1.1145750e+07
   3.9815000e+02   2.1687270e+02   1.2159000e+07
   3.9815000e+02   2.4102193e+02   1.3172250e+07
   3.9815000e+02   2.6595745e+02   1.4185500e+07
   3.9815000e+02   2.9154519e+02   1.5198750e+07
   3.9815000e+02   3.1725888e+02   1.6212000e+07
   3.9815000e+02   3.4317090e+02   1.7225250e+07
   3.9815000e+02   3.6845984e+02   1.8238500e+07
   3.9815000e+02   3.9323634e+02   1.9251750e+07
   3.9815000e+02   4.1736227e+02   2.0265000e+07
   3.9815000e+02   4.6210721e+02   2.2291500e+07
   3.9815000e+02   5.0200803e+02   2.4318000e+07
   3.9815000e+02   5.3705693e+02   2.6344500e+07
   3.9815000e+02   5.6785917e+02   2.8371000e+07
   3.9815000e+02   5.9488400e+02   3.0397500e+07
   3.9815000e+02   6.1274510e+02   3.1917375e+07
   4.2315000e+02   1.0264517e+01   8.1060000e+05
   4.2315000e+02   1.2871007e+01   1.0132500e+06
   4.2315000e+02   1.9462447e+01   1.5198750e+06
   4.2315000e+02   2.6180752e+01   2.0265000e+06
   4.2315000e+02   3.9968026e+01   3.0397500e+06
   4.2315000e+02   5.4277030e+01   4.0530000e+06
   4.2315000e+02   6.9118054e+01   5.0662500e+06
   4.2315000e+02   8.4502282e+01   6.0795000e+06
   4.2315000e+02   1.0045203e+02   7.0927500e+06
   4.2315000e+02   1.1694539e+02   8.1060000e+06
   4.2315000e+02   1.3404826e+02   9.1192500e+06
   4.2315000e+02   1.5172205e+02   1.0132500e+07
   4.2315000e+02   1.6998130e+02   1.1145750e+07
   4.2315000e+02   1.8878611e+02   1.2159000e+07
   4.2315000e+02   2.0811655e+02   1.3172250e+07
   4.2315000e+02   2.2779043e+02   1.4185500e+07
   4.2315000e+02   2.4795438e+02   1.5198750e+07
   4.2315000e+02   2.6816841e+02   1.6212000e+07
   4.2315000e+02   2.8860029e+02   1.7225250e+07
   4.2315000e+02   3.0911901e+02   1.8238500e+07
   4.2315000e+02   3.2948929e+02   1.9251750e+07
   4.2315000e+02   3.4952814e+02   2.0265000e+07
   4.2315000e+02   3.8819876e+02   2.2291500e+07
   4.2315000e+02   4.2498938e+02   2.4318000e+07
   4.2315000e+02   4.5913682e+02   2.6344500e+07
   4.2315000e+02   4.9067713e+02   2.8371000e+07
   4.2315000e+02   5.1867220e+02   3.0397500e+07
   4.2315000e+02   5.3763441e+02   3.1917375e+07
